0.61123443
2.4813317
1.4213639
4.1351295
4.568033
4.8767447
4.1612612
4.1317345
4.0865365
4.2933506
4.8612871
4.1060865
4.1076752
4.3019765
4.8041153
4.5747912
4.1586265
4.4674656
3.7247382
4.0112898
4.8089316
4.1056663
3.7494475
3.7300483
4.003552
4.0718538
4.3960297
3.7589328
4.1140225
4.7860912
3.7419887
4.0304561
4.1837794
4.3393972
3.7247899
4.0261129
4.0897466
4.0674411
4.7973762
4.0480193
4.3857302
4.1693326
3.9909946
4.201084
4.1737898
4.1269252
4.0553257
4.6705569
4.2438327
5.3736982
5.1238018
4.8251324
4.6165665
6.7991546
6.2897972
5.7532031
5.2357474
4.7347134
3.7638901
7.2989466
6.5075307
5.7867253
5.1716773
5.2469126
4.9193713
4.7382108
4.4731001
5.1558411
4.8693266
4.6862937
4.4634416
5.3984498
5.0647336
4.8149569
4.6564554
4.4358301
5.1995066
4.9450095
4.7738055
4.6239072
4.4567942
6.3805551
6.3930757
6.2495237
5.9498836
5.5087224
5.0951301
4.7067164
7.0659985
6.1327524
5.5081508
5.0570549
4.7474323
4.4796189
6.5580906
5.8623906
5.3122994
4.8963165
4.5900227
4.3615509
6.2654332
5.695371
5.2247672
4.8404336
4.5499783
3.8004034
5.6778718
5.2324529
4.8617196
4.5674467
4.3376713
5.6512658
5.2580686
4.8992436
4.6045806
4.3556793
4.2610835
5.0655675
4.7645051
4.4967541
4.2614673
4.963708
4.6999878
4.446126
4.2327475
4.7896858
4.5611971
4.6405511
4.4582096
4.9340387
4.7703772
4.5519353
4.3533226
3.7890709
5.2816073
5.1085704
4.8258101
4.586939
4.3750804
5.7397345
5.4082054
5.0647659
4.7519088
4.5212571
6.2884858
5.7926758
5.3378787
4.9699925
4.6911007
4.4521226
6.8441705
5.9488125
5.8041085
5.5200704
5.1575059
4.7884217
4.4782526
3.8095805
6.5144875
6.1528402
5.768106
5.3920899
5.0415528
4.7396486
4.8497469
5.1124776
5.5102875
5.1319825
5.8300522
5.4610502
4.5091551
4.4928702
5.7509723
5.5068703
6.3660285
7.0841036
9.9734479
5.8310354
5.5290149
6.885572
6.6473492
6.4228323
6.8182987
6.9677467
6.8584163
6.8847111
6.8712581
6.7729619
6.2669198
2.5427444
6.876868
6.7079892
6.3671647
5.681249
2.4630387
2.4643359
6.625033
6.3711423
5.8149897
2.4128228
2.383583
6.5647027
6.2211811
2.3678742
2.3209418
2.1985552
1.9992052
8.5323676
7.7809013
8.6235345
8.0470104
7.3922937
6.4840433
9.7282414
2.3214854
2.2892814
2.1878944
2.0726839
5.7046472
2.4303772
2.4577001
6.8967542
6.6303342
6.4649397
6.1618583
5.663314
6.9648057
6.9213019
6.8050213
6.7335024
6.7575621
6.7955418
6.9450763
2.4735882
2.4736761
2.4211013
2.3954483
9.9180732
2.4669405
2.4547669
7.2209409
7.0974007
8.2732858
8.3565272
8.0070654
8.0528021
6.5444024
7.4308028
6.7871758
9.0619231
5.9940361
6.4370054
7.5297584
9.2029055
6.9888365
7.2684535
7.384282
8.0148014
6.38574
8.1330541
7.6052157
7.071347
7.0473224
6.4533029
6.5677674
6.2949032
6.9550803
6.8641886
6.5410713
7.1819075
7.3762672
7.4585633
7.0808667
8.387724
8.3743505
4.8077417
4.7609876
4.7427386
4.753416
4.5907704
4.0839307
4.6301826
4.0501264
4.7692912
3.779488
4.1018579
3.7769101
3.9955784
3.7868417
4.011331
4.5719069
3.9548111
4.1007397
4.7080661
4.4858316
4.8033502
4.5478255
4.3248541
4.7869994
4.5427177
3.7901148
4.6183552
3.7891039
3.99631
4.6099076
3.7803196
3.9957147
4.6093573
3.7850913
4.0016459
4.5679252
3.7779973
4.7239176
4.4805215
4.5223224
4.6329487
3.7909517
4.4874365
4.5866362
3.7820648
4.6119244
3.7875938
3.9800365
4.6409573
3.7752785
3.9856983
4.5732545
4.5236686
3.9833848
4.6220412
3.748375
3.9655529
4.7504052
3.7628881
4.4278948
4.0345222
4.6092708
3.7419968
3.9454996
3.7506617
4.345893
3.9880453
4.3972809
3.9866567
3.9621003
3.7371026
3.9594793
4.1264812
3.9789338
3.7539028
3.97368
3.9382043
4.4852443
3.727535
3.9343882
3.765207
4.3962531
3.9887993
4.5999663
4.4937855
3.9397157
4.5083828
4.4511454
3.9540032
4.7989615
4.5037147
4.4840324
4.7211508
3.7758138
4.4696334
4.734409
4.4780676
4.5071343
4.8711598
4.5821127
3.9806833
4.8007588
4.5370713
4.5608074
4.6943317
4.8423531
4.437595
4.4649255
3.9454751
4.4520371
3.7722845
4.4574265
3.7678317
3.7710536
4.4326066
4.5274241
3.7833018
3.761716
3.7695121
4.4089118
3.7456305
3.7218145
3.9376956
3.9694657
3.737158
4.3693522
4.3405338
3.9006754
4.356198
4.5345945
4.638024
4.9556305
9.8455617
13.282593
9.6721968
14.707227
10.258351
20.236911
11.608952
8.7008151
21.537137
11.421518
8.7085429
7.2263535
12.457124
9.2617125
7.5594099
6.5056838
5.7846184
5.2970504
4.9192717
5.0978546
5.7834314
5.2961315
4.8865169
5.325345
4.9353741
4.8634437
7.8954188
6.8205046
5.9145675
5.2120931
10.184392
8.1794609
6.8077643
5.8242586
5.0472146
9.602069
7.7028335
6.3984179
5.5162176
10.492568
8.2125394
6.783909
5.7676188
5.0168486
9.0615681
7.3445073
6.1808131
5.2900716
10.212118
8.1162489
6.7202209
5.7476938
4.9848227
10.573381
8.4220731
6.9952521
5.9459198
5.1621118
8.6903246
7.198882
6.1353469
5.297905
9.8033113
7.9809418
6.6704121
5.7517355
4.9618161
11.160102
8.7228579
7.1626111
6.0531441
5.2319142
10.658305
8.2733871
6.8081075
5.7689733
11.573118
8.6337606
6.9725245
5.8185313
15.737588
15.0763
11.543103
8.8482116
7.1585952
5.8689274
22.913821
13.619221
9.7176933
7.6029674
6.2210405
8.6809498
7.4021226
6.3661181
5.5632786
22.959048
12.759085
9.085699
7.1246843
5.7204784
7.7556047
9.1319632
7.0547364
6.0743526
5.4294639
5.005879
10.188524
7.5741601
6.383471
5.6696062
5.1538582
10.009062
7.5192338
6.3519072
5.654465
5.1524931
11.868768
8.2340355
6.7939999
5.929402
5.3331212
4.9282326
11.540246
8.1552634
6.6767077
5.8969477
5.3265157
4.9154169
11.534962
8.0900769
6.6629556
5.8567439
5.3335581
4.9107041
10.787402
7.8021575
6.5656263
5.7955521
5.2471336
4.8730795
9.1177948
7.2277783
6.1746626
5.528594
5.0768075
12.672059
8.3884457
6.8193873
5.9552471
5.3739148
4.9556396
11.259602
8.0803598
6.6555709
5.846499
5.2812843
4.8923452
12.031223
8.1280522
6.6719255
5.892924
5.3280727
4.9219651
11.65334
8.1489484
6.7841434
5.8839466
5.363962
4.948677
10.54741
7.7630217
6.3691074
5.774073
5.2791189
4.8813456
11.62518
7.9275898
6.6810551
5.8734371
5.330311
4.9370565
8.9736755
7.0653722
6.0653299
5.4793433
5.0762361
10.812374
7.6719929
6.4775446
5.7707242
5.2463129
4.8913275
8.0690415
6.6975943
5.8842963
5.3166231
4.9502292
4.6651475
7.890686
6.5856838
5.8570509
5.3159515
4.9252127
4.6431086
7.2304507
6.2106325
5.6017712
5.1331328
4.7988829
4.5208637
6.1379613
5.6137917
5.1903329
4.8593018
4.58941
7.6202417
6.6556903
5.9790842
5.4177927
5.0484376
4.7384548
9.6737831
7.8725121
6.7052416
5.9416021
5.4500594
5.0637705
4.742498
8.9024937
7.2248482
6.3483784
5.6964849
5.2297738
4.8854425
11.852671
8.6209531
7.0315672
6.1899021
5.5946267
5.1382379
4.7963367
12.498997
8.667382
7.0919647
6.1885604
5.6122283
5.1377686
10.99517
8.2146912
6.8798836
6.0895
5.4728767
5.0426847
11.361641
8.3228487
6.9182561
6.0905375
5.4802671
5.0465988
16.352075
9.3992041
7.6060606
6.4314231
5.7478717
5.2261025
13.722666
9.0375442
7.2250116
6.2775728
5.6204428
5.1511954
11.175606
8.261362
6.8593472
5.9990299
5.4176285
5.0169021
14.720805
9.4085729
7.3579377
6.3511687
5.6480008
5.1890941
11.351491
8.2889516
6.8766455
6.0027372
5.4086673
5.0336838
11.374071
8.3632204
6.8714196
6.0022465
7.8938753
14.460927
12.158664
9.1783465
7.4413654
6.3268665
5.5478498
4.9644458
24.166054
13.410138
9.2448414
6.7473051
6.1744945
5.5382612
5.14397
5.2220932
5.0515509
6.1991721
4.9975709
4.7159205
8.1243754
10.373499
12.910626
9.8000149
11.965194
11.075992
14.701657
20.550977
4.8441923
4.5767191
4.8943611
4.6190049
4.8764891
4.7327375
4.4909128
4.879404
4.60133
4.8218621
4.5618787
4.8503979
4.5814701
4.9007358
4.6280674
4.8741879
4.8492566
5.5280067
5.1478583
6.8792399
6.1765632
5.6547444
5.2360925
8.5463434
7.3140392
6.4869111
5.8205897
5.3451281
4.9989623
7.9631748
6.9000869
6.1795237
5.5847908
5.1914209
7.8291348
6.7386066
6.0386767
5.5157895
5.118302
8.0979284
6.8478547
6.1217093
5.5782251
5.1440435
7.2151251
6.3315971
5.6919921
5.2691487
6.3089035
5.6513587
5.220128
6.3960958
5.6749806
5.1864505
5.4114537
6.4377949
5.7212564
6.6918112
5.8322072
7.1306881
6.248094
5.6555171
5.9805487
5.4222833
5.9868923
5.426471
5.0557539
5.4961187
5.0968334
1.9092797
1.8231122
1.795098
1.8218352
1.7787582
1.8778578
1.950128
2.3541627
7.0884031
6.5238269
7.0344239
9.9159474
9.0789916
11.835186
10.589983
13.002212
6.327926
6.8453405
6.5114221
7.8546313
6.3952943
7.8551391
7.6426675
8.7233917
7.2531542
7.9640324
6.0723569
7.5697638
10.601707
19.040754
5.5158865
6.2110205
7.3917307
9.6259235
5.5161974
5.6751903
5.9895874
7.0870725
6.2118194
6.1566513
6.616036
7.2863501
6.7255941
6.8283222
6.4334738
6.6257376
6.7632567
6.1975902
6.1398612
6.2816323
6.8450952
7.4408903
5.6415452
5.5696215
5.8130519
6.5227249
7.666785
5.3116276
5.5881805
6.1763067
7.3625032
5.2755369
5.6569004
6.6099738
7.9694509
10.031896
5.0855477
5.4583744
6.7117683
7.8480594
10.279138
5.4342636
6.266845
7.7850634
10.443614
16.532272
6.1144481
7.6046454
10.10379
1.9334342
2.0328215
6.8504941
2.4324285
2.4367579
2.3825349
6.8616164
6.6307837
4.8363247
4.865209
5.0176438
4.7339739
5.7159444
5.4186531
5.106472
6.1617067
5.8033078
5.4434142
5.1544992
6.5712498
6.0867704
5.6780873
5.3265183
7.2595688
6.5496307
5.9852179
7.7383704
6.3518911
37.540361
6.766516
22.867948
24.758921
10.551328
10.367072
9.2134153
14.510092
15.739632
13.119858
19.568912
17.754151
12.808696
18.779854
19.900978
14.466554
20.468207
16.652999
11.893678
17.386502
17.872833
13.700052
13.890348
15.53044
13.496364
14.166169
13.260584
10.791967
13.976823
14.642282
12.397523
14.882622
17.449028
14.81517
21.955258
22.253677
15.016287
44.251658
49.018737
18.273752
33.399639
10.68638
11.051805
10.154126
118.96323
16.26652
15.600853
11.588728
10.716311
8.8764548
8.7656667
12.069104
15.024127
19.188243
20.866683
27.045802
35.912345
11.265393
10.394569
63.629323
19.336052
14.542862
11.970758
9.661018
16.37591
14.982058
25.590013
24.0892
44.564814
27.742936
13.581951
17.510268
11.152094
23.040205
10.142864
10.459711
8.5047671
9.667115
10.851481
9.6302588
14.098742
8.8902132
12.632047
10.59915
15.859911
9.0055433
12.331957
8.2626498
10.619198
9.5343464
12.228765
8.6570397
10.857742
8.23718
10.758033
9.4713526
13.961789
15.754344
17.25228
8.1305105
9.3386696
11.217789
23.963321
8.2386959
10.344547
13.883904
8.4934705
10.014059
10.601335
7.8339187
8.0292267
8.6514789
9.6048204
9.955518
8.7457575
10.548358
12.144175
13.095788
14.9025
1.0002651
-2.1879246
-2.0617179
-2.3113371
-2.0602752
-2.8966002
-2.2481628
-3.0226673
-3.187593
-2.056893
-2.9227131
-3.1586265
-3.0906953
-3.2224714
-2.0243277
-2.3034226
-4.6100798
-2.9858454
-3.1140696
-3.2811542
-2.4441486
-4.5731352
-3.8734553
-3.0328104
-3.1975064
-2.0340232
-4.4141672
-4.5385616
-3.8349086
-2.9962135
-3.18187
-1.7173077
-4.0402345
-4.3305072
-4.5911796
-3.9065969
-3.043004
-3.2064088
-4.1325356
-4.3317577
-4.6454686
-3.216788
-3.1214761
-3.2635195
-3.3992193
-3.9515183
-4.1704939
-4.5706048
-3.9373838
-3.0465961
-3.1896499
-3.6399163
-3.4112062
-3.9459636
-4.1363651
-4.6068738
-3.9583191
-3.0720201
-3.5211892
-3.6390176
-3.8160391
-3.9674213
-4.5885867
-3.920686
-3.1075147
-2.914816
-3.4704298
-3.5588326
-3.7203687
-3.8204472
-4.0187233
-5.683522
-3.2930693
-3.6295769
-2.9005119
-3.409887
-3.4774936
-3.3739037
-3.7327676
-3.8952237
-4.8126992
-3.7011755
-3.7029742
-3.6058327
-3.6302538
-3.4112659
-3.4719851
-3.3547203
-3.6795023
-3.8360745
-4.7836688
-3.8986175
-3.6478106
-3.5525332
-3.610176
-3.337389
-3.374135
-3.4313325
-3.6202405
-3.7962537
-4.8132436
-2.8010531
-3.7840045
-3.8534732
-3.6523786
-3.5299449
-3.5734259
-3.3471869
-3.3843131
-3.4770467
-3.7599882
-2.3973331
-2.1675258
-2.2612
-2.1319992
-2.6089503
-3.6597872
-3.6523076
-3.5811957
-3.4824554
-4.1507265
-2.1648048
-2.202122
-2.1124416
-3.584441
-7.5625321
-7.8748593
-6.9188365
-7.4717409
-6.8751796
-7.2303484
-6.8501995
-6.8820877
-2.4958451
-5.6344656
-4.8371282
-6.4665879
-5.4552053
-7.2372786
-6.0004848
-39.555605
-32.767408
-40.160911
-20.029236
-7.5762147
-16.251241
-18.025966
-15.188507
-11.528376
-15.961943
-17.592062
-15.179187
-11.866092
-18.452976
-27.685891
-26.276722
-18.455488
-13.163547
-9.8539919
-7.6746833
-19.683966
-31.162615
-32.403834
-21.263175
-14.461568
-10.577416
-8.1436292
-17.907327
-27.814971
-32.545381
-22.055354
-14.994619
-8.3313125
-16.265771
-21.978045
-23.065621
-17.762946
-12.355815
-9.363487
-15.771909
-12.709558
-18.562142
-13.792543
-21.085972
-31.02253
-22.236216
-14.188587
-10.169085
-7.8598411
-41.354389
-21.34069
-9.639438
-7.5297289
-34.474561
-20.906418
-13.382082
-9.7591934
-45.722175
-30.262638
-3.7788945
-3.697845
-4.8154716
-5.1120949
-5.3449669
-4.8973582
-5.0184639
-5.1477982
-5.2674876
-2.4709043
-2.5431486
-2.3619652
-2.4365685
-2.3726105
-2.1708394
-2.3170403
-2.888725
-4.0658136
-2.1228079
-2.2595004
-2.7133436
-4.1316884
-2.1647269
-2.2119743
-2.1748324
-3.7860085
-7.471218
-3.8534074
-1.9909932
-2.1731545
-2.6351145
-3.8546785
-3.6428106
-3.71141
-7.040856
-2.0587378
-1.9350734
-2.0871484
-3.6706053
-4.289899
-3.6009483
-3.4513797
-3.710016
-6.9872307
-3.9405027
-3.684794
-3.6671445
-3.5017142
-3.471265
-4.6926485
-3.625114
-3.4682563
-3.4466028
-4.3749704
-4.5841208
-3.5938467
-3.4993143
-3.881672
-4.499279
-3.8383164
-3.1236976
-3.3706948
-3.7043518
-3.8177841
-3.0918632
-3.3334822
-3.9208007
-3.8229836
-3.0626105
-3.2382822
-3.6902486
-5.7116371
-3.0905572
-2.0379323
-2.3084708
-4.0294469
-3.1906751
-2.4675711
-2.9467791
-6.8129202
-8.2138657
-7.1381331
-7.9496367
-7.3416097
-2.1632949
-1.956934
-4.034362
-2.131111
-2.1773712
-4.1305327
-2.1281462
-2.191534
-2.2426123
-2.2469684
-2.1302277
-2.372901
-2.3537348
-2.7223209
-3.6526798
-6.3454523
-6.1059091
-6.3557255
-6.2585079
-6.3709167
-6.1913818
-6.0760551
-5.6146358
-6.13315
-6.0179158
-6.0428506
-5.6891918
-5.5238089
-5.4118755
-5.2863861
-5.525182
-5.4597101
-5.3006409
-5.226997
-5.574699
-5.397534
-5.214597
-5.0444461
-5.4738721
-5.3014319
-5.0902823
-4.9287226
-16.414033
-5.8957983
-5.5067053
-5.2122003
-4.9671579
-4.553709
-4.4620805
-4.2773982
-4.0883341
-3.9512001
-3.7539103
-5.8388765
-5.5820894
-5.1743186
-6.6367691
-5.271726
-6.9301488
-6.6381884
-6.9103021
-5.6994987
-4.6687978
-3.8893773
-5.9187751
-5.8718601
-5.2768114
-4.5882233
-3.9266909
-3.3127105
-4.4483352
-4.5291338
-4.2336061
-3.8003185
-3.3590078
-2.9485914
-2.9008121
-2.8152196
-2.6535851
-6.0900872
-4.9434042
-4.14156
-8.9384951
-8.3386655
-6.8366486
-5.6065236
-4.7067329
-4.0218571
-0.86468829
-6.7618962
-5.8301227
-4.9132666
-4.2734122
-3.6562015
-0.949468
-0.92343516
-0.91065364
-0.8954904
-3.6336207
-0.79398099
-0.77479068
-1.0096938
-1.0013267
-0.99068647
-0.84883346
-0.82167006
-0.84012254
-1.0706575
-1.0649715
-1.0275908
-0.97798792
-0.92027774
-0.90478732
-0.86270229
-1.1204592
-1.111107
-1.0615314
-1.0428002
-0.99807146
-1.3870534
-1.3208392
-1.2236312
-1.1900927
-1.3563155
-1.0211758
-1.6724773
-1.5933934
-1.5417364
-0.92934452
-0.86172946
-1.0974096
-1.7450222
-1.6932271
-0.71048448
-0.858449
-1.0646891
-1.0449822
-0.85556004
-0.79527093
-0.81872549
-0.91058112
-1.1386141
-0.98233385
-0.88373404
-0.84468075
-0.8168097
-0.99319953
-1.8675152
-1.0119005
-0.94388574
-0.9094252
-0.90366626
-1.2496512
-1.1479179
-1.0848936
-1.0439228
-1.054299
-2.162033
-0.77210534
-1.3077147
-1.216377
-1.173943
-1.1635528
-1.108659
-0.74831038
-1.2776481
-1.2148622
-1.2002174
-2.0416948
-1.2962296
-1.1852846
-1.1107344
-1.4075779
-1.3783972
-1.219411
-1.1067918
-1.3344266
-1.3692459
-1.2719444
-1.2093716
-1.5757889
-1.462235
-1.3931978
-8.5730551
-7.6294969
-28.208421
-17.430584
-49.674581
-30.815762
-26.187534
-24.303437
-12.547402
-13.626044
-15.771055
-11.543041
-8.1853661
-6.0579565
-8.9160821
-10.858946
-10.204127
-8.164368
-6.3458347
-7.5966313
-8.3318166
-7.9765119
-6.8913288
-5.6916644
-6.0283378
-6.7386285
-6.6367286
-5.9953885
-5.165801
-5.5068392
-6.7431003
-7.3605221
-5.4435442
-4.9944709
-4.4474337
-5.0269834
-5.6672921
-5.8628884
-5.5422535
-4.9156239
-4.2912114
-4.2361659
-4.6580405
-4.8330524
-4.6936773
-4.3448106
-3.8976743
-3.9792614
-4.0613803
-3.8950248
-3.6331162
-3.3103804
-3.4661979
-3.4256872
-3.1996393
-2.9872977
-6.7871027
-2.9222535
-5.0512295
-5.4286198
-4.8377772
-4.8510927
-4.5129656
-3.6412408
-3.4250694
-3.1534774
-2.8950591
-3.1688771
-2.9469326
-2.7534814
-3.5043449
-3.134
-6.2788507
-7.3179062
-5.5148507
-5.0671076
-4.4830334
-13.91765
-9.5875931
-1.0754341
-1.3512351
-1.2393924
-1.1870147
-0.8294061
-1.0086148
-0.96765621
-1.647874
-1.550597
-1.479436
-1.4481618
-1.3722226
-1.2616962
-1.2162407
-1.4922315
-1.4182366
-1.0454185
-1.2494747
-1.187145
-1.559766
-1.4752623
-1.1286061
-1.0747685
-1.7226124
-1.62601
-1.5619214
-0.96958108
-0.88536287
-1.1245246
-1.7387173
-0.94758288
-0.90420426
-1.143277
-1.7710769
-1.4640619
-1.4163926
-1.3343291
-1.2377594
-1.1909047
-0.8452097
-0.82534358
-0.81818979
-1.0366222
-1.0105197
-3.1630046
-3.0466867
-2.8229686
-5.4953475
-4.5023999
-5.1502575
-4.9992131
-4.6814815
-4.3193018
-3.9445019
-5.6118241
-5.4462535
-5.2591523
-5.2191517
-6.460297
-6.2751183
-5.737053
-5.5880089
-5.4906079
-5.9153884
-5.5298245
-5.3497688
-5.2270551
-5.1815018
-5.4786844
-5.3031406
-5.0794832
-17.099153
-4.0257972
-5.5459368
-5.2394815
-4.944955
-4.2235015
-4.1851941
-4.114538
-3.9690262
-3.8248643
-4.794424
-4.4090757
-4.4374513
-4.3942186
-4.2629662
-4.1314226
-3.8912862
-4.6381441
-4.7190425
-4.6131931
-4.4737666
-4.2422797
-3.933868
-4.8019534
-4.9967505
-4.9318252
-4.8099066
-4.5225415
-4.1791915
-3.8289117
-5.0236626
-5.1478649
-5.0345028
-4.8345145
-4.5202699
-4.1488725
-5.2048228
-5.2643567
-5.092223
-4.8111112
-4.4772124
-4.0417504
-5.2220258
-5.3973785
-5.3395354
-5.0847047
-4.7328327
-4.3715122
-5.3666957
-5.5891701
-5.4578869
-5.194871
-4.829544
-4.407679
-5.8532233
-5.8077652
-5.5485045
-5.1797862
-6.2271306
-5.0082551
-6.1578698
-6.3407588
-6.1325798
-5.68134
-6.1300298
-5.0683104
-6.9295431
-6.9764687
-7.163721
-6.0690628
-5.1665044
-4.3638412
-7.663495
-6.4871748
-6.0069325
-5.3735303
-4.6673859
-4.0595363
-3.4669388
-5.2902882
-5.2689425
-4.9363306
-4.4692616
-4.0016954
-3.5409485
-4.5321984
-4.4909242
-4.2169686
-3.8845624
-3.5376014
-3.1511955
-3.9644223
-3.9866703
-3.8121708
-3.559407
-3.2863357
-3.0154818
-2.7143667
-3.53708
-3.4935093
-3.3827214
-3.186244
-2.9539568
-2.7266096
-4.5972098
-3.1049549
-3.0241016
-2.8991102
-2.744255
-6.2882946
-5.0865949
-2.7179336
-2.7054043
-2.630727
-8.3525076
-6.4722157
-5.2774162
-4.3430413
-2.3891558
-2.4118685
-10.422807
-8.2167462
-6.533803
-5.3506817
-4.4961103
-2.1750485
-10.227351
-8.6866773
-7.1228762
-5.8790555
-4.9500777
-4.1700251
-8.4129339
-8.228629
-7.2024845
-6.0888614
-5.235631
-4.491714
-3.9230774
-0.86133848
-0.86760275
-0.86230257
-5.4540242
-4.7733505
-4.1897545
-3.6825707
-0.93707327
-0.93537404
-0.93021191
-0.90442203
-4.0092164
-3.5751238
-0.78270393
-0.77023772
-1.0116731
-0.99234319
-0.95726223
-3.3723055
-0.82467084
-0.82358576
-0.82698545
-0.83522662
-1.0660939
-1.0325745
-0.94126015
-0.90069607
-0.87856724
-0.86475908
-0.84887282
-1.08621
-1.0451776
-1.0300063
-1.0001023
-0.94046084
-0.91576549
-1.1716601
-1.1039801
-1.111592
-1.1237055
-1.0932904
-1.0603118
-0.98119849
-1.0546692
-1.0363541
-1.1853279
-1.1724393
-1.1307983
-1.1697867
-1.1666519
-1.1325874
-1.1017332
-1.2261788
-1.3914644
-1.3652174
-1.3291886
-1.2456246
-1.1899467
-1.5562373
-1.5328309
-1.5028856
-1.4474482
-1.094284
-1.1188953
-1.0993936
-1.6835606
-1.6344755
-1.5591619
-1.4841488
-0.85232056
-1.1176295
-1.0993776
-1.2877592
-1.700795
-1.6215545
-0.96264326
-0.94893669
-0.92866426
-1.1972587
-1.2252354
-0.6546307
-0.83010759
-1.0335398
-1.0062935
-1.2759107
-0.77914681
-0.75769163
-0.78276189
-0.67453443
-1.1005826
-0.88521458
-0.85299698
-0.82449017
-0.85775605
-0.94287084
-1.0483974
-1.0116643
-0.96905034
-0.93505869
-0.91356459
-0.8155603
-1.958252
-1.2001334
-1.1543318
-1.0976016
-1.0385801
-0.99814858
-0.95686122
-2.0328982
-0.75863751
-1.321412
-1.2381787
-1.1735577
-1.1187105
-1.0856394
-2.0716923
-1.1503699
-1.0979631
-0.76772955
-1.3281395
-1.260622
-1.204732
-2.1565835
-1.2785421
-1.2160731
-1.14774
-0.81598438
-1.3694797
-2.2515948
-1.1047017
-1.0686795
-1.3235518
-1.2526031
-1.1849528
-1.7450209
-1.1849838
-1.1505759
-1.104851
-1.3284923
-2.1366114
-2.5131517
-1.2624887
-1.2234952
-1.1726418
-2.2761194
-1.3877334
-1.3632052
-1.32761
-2.0881258
-2.3923364
-1.5334799
-1.4875876
-1.4363971
-2.1937354
-1.6828776
-1.6431048
-1.6033062
-2.2759766
-4.0212081
-4.0038965
-3.6838576
-7.5895047
-7.4567371
-6.3266673
-9.9521367
-10.018202
-7.9273664
-13.62608
-15.20404
-10.897515
-30.10054
-19.939864
-20.667535
-75.60354
-22.435958
-27.631385
-53.992015
-19.658546
-21.041946
-29.437074
-17.631035
-11.103703
-12.27073
-18.740165
-17.884721
-12.647777
-11.934993
-14.529033
-12.995424
-10.215513
-7.9173341
-8.6199134
-11.103095
-11.305681
-9.9640301
-8.0821192
-9.1475127
-8.8725301
-7.9074681
-4.2108426
-3.6776853
-7.0755083
-6.6361467
-5.7476993
-4.8755733
-4.1774354
-3.4579161
-3.346741
-3.1538733
-6.1715624
-5.1433184
-3.7818067
-3.7583137
-3.5438868
-3.3951402
-3.0733769
-4.0882831
-4.1131349
-3.9871237
-3.8000924
-3.4687249
-3.1376765
-4.4975869
-4.4551086
-4.2691112
-3.9983612
-3.6616051
-4.7672278
-4.8062958
-4.6664338
-4.3459551
-3.9492503
-5.1837403
-5.2431753
-5.0435722
-4.6900912
-4.1707409
-5.666617
-5.8880204
-5.6836085
-5.3002253
-4.7055185
-6.6310642
-6.9250942
-6.7079572
-6.0713076
-5.1738499
-6.4200787
-6.559077
-6.369696
-5.7807483
-7.5930297
-8.5339408
-8.5045276
-7.7597805
-6.3690894
-10.10799
-12.568722
-12.661389
-10.177121
-7.2438435
-13.290005
-21.428947
-25.002846
-14.612719
-8.4705252
-10.173527
-20.447047
-2.437369
-22.755128
-10.364948
-7.4374568
-11.956799
-21.632098
-22.696715
-12.190931
-6.5551145
-9.2689402
-12.012974
-10.867548
-3.8468364
-7.0236094
-7.7999395
-6.8033512
-1.5410271
-1.6701102
-3.8398324
-3.8136854
-1.3828043
-1.4795964
-1.5626298
-1.5632068
-1.2185829
-1.2965007
-1.3617525
-1.3893583
-1.3580128
-1.389246
-1.1704018
-1.2345364
-1.2484163
-1.2210354
-1.2562984
-1.3518588
-1.093271
-1.0945455
-1.361668
-1.1501351
-1.2060143
-1.260052
-1.240002
-1.1794401
-1.2870164
-0.78694102
-1.0761649
-1.0818755
-1.396251
-1.0501663
-1.1603907
-1.2273073
-1.2566004
-1.2227078
-0.90261696
-0.97326792
-1.0120169
-1.0058165
-0.96683315
-0.76275374
-0.77861562
-0.80319681
-0.79480444
-0.73805205
-0.91442134
-0.77652068
-0.81109033
-0.8254576
-0.81934161
-1.1344625
-1.0755466
-0.84484463
-0.88094943
-1.1715139
-1.5341622
-1.1776051
-1.2085486
-1.6800784
-1.6221412
-1.2888258
-1.3723675
-1.449848
-1.4787832
-1.4531524
-1.0348152
-1.1082251
-1.2518906
-1.2346789
-1.2206626
-0.85267673
-0.96767177
-1.0507759
-1.0922074
-1.1112413
-0.98549531
-0.80948553
-0.87844941
-0.95058977
-0.92411001
-0.92705446
-0.7685188
-0.81577356
-0.8382515
-1.072982
-6.3625692
-0.88092381
-0.92681373
-0.95227789
-0.94221602
-2.0394439
-8.4558839
-7.1358862
-5.7472349
-2.4728111
-2.3503214
-10.051645
-7.47381
-5.4068198
-2.9910625
-2.8964416
-2.7252118
-2.4993416
-7.1485258
-3.5557434
-3.5883612
-3.4313226
-3.1585633
-2.8305798
-6.7184587
-6.978118
-4.37656
-4.1644263
-3.7830522
-3.3287027
-6.1610854
-7.9138883
-5.4014174
-4.8057054
-4.0764287
-4.8423153
-5.9733242
-6.77825
-7.3400399
-6.0912774
-4.6434841
-4.2985669
-4.9487918
-5.5703919
-5.9447754
-5.8774738
-6.6719088
-4.4995343
-4.8326196
-5.1429132
-5.1887644
-4.8869899
-4.1085069
-4.2836176
-4.4686258
-4.6701614
-4.6943228
-4.4387155
-4.0961418
-4.2286547
-4.3289934
-4.3985842
-4.3808369
-6.2641516
-4.1432913
-4.2107847
-4.2443124
-4.2192389
-6.1644771
-6.1491708
-6.148517
-4.1045303
-4.0771043
-3.9785496
-6.0759818
-5.7374211
-5.3904281
-5.4016939
-5.6058419
-6.4050987
-6.4928773
-5.7316959
-5.5469051
-5.5103486
-5.6277228
-5.3493435
-6.0968885
-5.5624622
-6.0930134
-6.1069567
-6.049594
-16.201768
-5.4903675
-6.1819694
-6.2438728
-14.255279
-4.1330821
-4.107914
-3.9414501
-6.2752784
-12.191815
-4.1835913
-4.1900194
-4.1571429
-6.2867516
-4.1563143
-4.190813
-4.2227078
-4.2134284
-9.608887
-4.2004651
-4.3016836
-4.337395
-4.28429
-4.1926888
-4.3857523
-4.5488416
-4.5855619
-4.4605726
-4.2743102
-4.6170297
-4.9066423
-5.0427885
-5.0192229
-4.4253481
-4.9689909
-5.4180374
-5.6406364
-5.5049999
-4.8083769
-5.5578469
-6.1441416
-6.3656108
-7.2731953
-5.4905181
-6.7857561
-8.1574358
-5.6684235
-4.849184
-3.9146755
-7.6820423
-4.9405977
-4.5585433
-4.0102345
-3.4067671
-3.9648591
-3.9538113
-3.7446583
-3.4095982
-3.0299573
-3.2639982
-3.135833
-2.9101698
-2.6806717
-6.9918884
-2.708128
-2.5546046
-11.104884
-7.702592
-5.3850106
-2.2813911
-2.1999273
-9.6888884
-7.8180145
-6.0061969
-2.0779756
-8.7613203
-7.5405566
-6.1324384
-4.6991512
-7.126108
-0.88554765
-0.90537674
-0.91944398
-0.90367533
-0.95832146
-0.78201653
-0.75271536
-0.83075849
-0.8795836
-0.99800289
-1.0559425
-1.0696753
-1.0517338
-1.5042305
-1.5864985
-1.6461056
-1.6376585
-1.5898402
-0.71876072
-0.75985018
-0.80046481
-0.81281348
-0.79607575
-1.0348728
-1.1170004
-1.1747885
-1.1660792
-1.1200169
-0.84755292
-1.189922
-1.2401745
-1.2203426
-1.1631052
-1.1593682
-1.2311264
-1.2574681
-1.2632481
-1.4817071
-1.5756681
-1.658123
-3.487788
-1.6392264
-3.7936238
-4.1145122
-5.6092543
-1.7412338
-4.1276545
-7.4698083
-7.4831895
-4.1304842
-8.1720699
-10.359698
-9.3821749
-7.2501891
-10.46172
-14.20879
-11.286811
-9.7601195
-15.864936
-18.550777
-9.1222193
-15.964014
-24.836667
-15.477344
-7.3663334
-12.754494
-27.829594
-29.986337
-12.317815
-8.2921025
-15.858576
-47.300784
-35.147092
-12.815255
-11.875388
-25.339402
-66.967222
-17.54351
-15.003175
-25.072224
-20.883693
-10.796939
-12.368849
-15.239417
-13.713007
-9.3105788
-9.4380696
-10.551303
-10.167361
-8.3258014
-7.7188229
-7.8247331
-7.3748665
-6.1823837
-6.05758
-6.1278373
-5.8966803
-5.312786
-5.7520436
-6.1311598
-6.1441343
-5.7703626
-4.9790249
-4.7658026
-4.9391254
-4.8441959
-4.6222155
-4.1978201
-4.0111704
-3.9918695
-3.8910306
-3.7483242
-3.3817252
-3.434684
-3.3174591
-3.157331
-6.2322636
-5.1229515
-6.7008128
-6.3617121
-5.6176547
-4.8882252
-4.2108534
-2.5539241
-2.3235692
-2.2107938
-2.0841668
-1.9827254
-2.2655502
-2.1553349
-2.0275103
-1.9616144
-2.0557704
-1.8426781
-1.9635834
-2.0317473
-1.931145
-2.3054166
-2.1014757
-2.3747888
-2.3040561
-2.1186111
-1.7937825
-3.1314542
-1.9551695
-3.244559
-3.1332387
-3.9355942
-4.5656565
-4.7781613
-3.4032076
-4.7575113
-5.4764237
-4.980896
-4.5273552
-5.3330779
-5.0011706
-4.642928
-4.2878793
-3.4645336
-3.705954
-4.4084219
-3.6070518
-3.9154643
-3.7068212
-3.6059791
-3.4890153
-3.8183754
-3.6976953
-3.5888424
-3.6426528
-3.584682
-9.147
-2.1850006
-2.3678392
-2.1388063
-2.0111164
-2.0523393
-2.379424
-2.1145194
-2.2405692
-2.0520438
-1.9387919
-1.8796127
-2.3122609
-3.2873265
-2.9188013
-2.148118
-1.9905327
-1.9075239
-2.206978
-2.4286228
-4.2410466
-3.6480691
-3.1950079
-2.8274287
-2.089544
-1.9718285
-1.9029135
-2.193417
-6.0227153
-4.9984519
-4.1489744
-3.5222873
-3.0517793
-2.7751029
-2.0624461
-1.9571141
-3.8362583
-3.6248285
-3.2560047
-6.376647
-5.095978
-4.1797288
-3.5435825
-3.0824854
-2.7637224
-4.6005642
-4.6029382
-4.388339
-4.0069599
-3.5978092
-3.1559433
-5.1850758
-5.3340578
-5.1934478
-4.7532787
-4.2393284
-3.7193925
-3.1733411
-4.8385125
-6.136676
-6.3052059
-5.8336785
-5.1435282
-4.477232
-3.7895297
-3.2695454
-6.1267072
-7.6390101
-6.8471821
-5.8265526
-4.8224439
-4.0862148
-3.456452
-7.4610059
-7.2889269
-6.5773154
-5.6285021
-5.8960592
-4.8272088
-4.0356898
-9.4446272
-9.504113
-8.3025047
-6.8087965
-5.6109582
-4.6972523
-4.4340947
-11.297164
-15.012116
-13.262609
-9.6200483
-7.2859099
-5.7996503
-4.6659104
-19.570814
-36.438632
-19.446795
-11.323977
-7.9354828
-5.9754942
-2.5059227
-2.7647334
-27.213609
-66.801785
-19.583121
-10.946299
-7.5500266
-1.9542153
-11.18182
-17.096571
-17.365231
-6.4369421
-2.2562216
-7.7596659
-9.1862883
-1.6304207
-3.8281418
-5.8482597
-1.2594992
-1.3667302
-1.4809641
-1.2906272
-1.0876368
-1.2006711
-1.3315859
-1.0555051
-1.1668004
-1.2659777
-0.98239052
-1.0931796
-1.1909265
-1.2988142
-1.4048391
-1.4980931
-0.75727119
-0.82729571
-0.90220084
-0.99337458
-1.0963066
-1.1921684
-0.90327335
-0.76184362
-0.83606422
-0.67316968
-0.82803229
-0.84805923
-0.9477952
-1.1804982
-1.0404467
-1.127989
-0.93135523
-1.0040094
-1.0681396
-1.3157598
-1.4429814
-1.5587154
-1.6572996
-1.7396286
-1.3663203
-1.0544369
-1.1519881
-1.0978856
-1.2220662
-1.3609278
-1.4523346
-1.5250625
-0.78474033
-0.88204742
-1.0175575
-1.1379137
-1.2056257
-1.1352472
-0.85840213
-0.92259005
-0.76328794
-0.79423047
-0.91441364
-0.99432132
-2.8370453
-2.4667841
-8.9569895
-6.511572
-0.86701975
-0.92841431
-1.021638
-4.0022205
-3.3734394
-2.8625907
-8.6466457
-6.3943114
-5.0016859
-4.077763
-7.5622655
-5.5260473
-4.4794067
-3.6034274
-3.0063953
-6.5307992
-5.2353724
-4.2828935
-5.2042656
-5.8810833
-6.5498597
-7.00963
-5.0732515
-4.066923
-3.2875729
-2.7149423
-4.5014019
-4.4605583
-4.8745158
-5.2955619
-5.6400455
-8.1327621
-5.8465586
-4.4767119
-3.5581409
-4.3700179
-4.5598013
-4.8489456
-5.0715373
-5.162858
-6.1026666
-4.627853
-4.2161625
-4.2982884
-4.42909
-4.6007097
-4.666928
-5.9511698
-4.5071832
-6.0288654
-4.0957161
-4.1402165
-4.1954903
-4.2240607
-4.2039084
-4.1266544
-5.7735144
-4.0452078
-3.9920975
-4.0215437
-3.9392046
-5.6236976
-5.5540092
-3.9507435
-3.8984828
-3.819632
-5.5339253
-5.4336099
-5.3289718
-5.193854
-3.7432712
-5.5750518
-5.4300531
-5.283816
-5.1510672
-4.9950658
-5.5950995
-5.3842686
-5.2661317
-5.1433307
-5.6909682
-5.5019807
-5.2949483
-5.1466952
-5.6624829
-5.5609735
-5.3831106
-5.2349075
-6.4024386
-6.1416337
-5.4797985
-5.3573866
-6.3402593
-6.1908195
-6.3040962
-6.0495458
-4.0068296
-3.2197686
-3.5345639
-3.6411393
-3.7348765
-3.4474146
-3.6166792
-3.5785909
-3.6763643
-3.7369765
-3.535714
-3.6494257
-3.7727611
-3.4860788
-4.1986311
-4.3173194
-3.5247104
-3.7155241
-3.4743937
-4.2599817
-4.4978064
-4.6653327
-3.6872711
-3.537523
-4.3977819
-4.6812036
-4.9842933
-5.0670015
-3.8731532
-4.2784339
-4.6107301
-5.0342821
-5.3501127
-4.6067685
-4.4620421
-4.914964
-5.3946703
-4.631057
-3.9495239
-4.5691748
-5.2008708
-5.8010795
-4.0266657
-3.1141397
-3.1924175
-5.0220316
-4.7370933
-3.3338841
-3.4568196
-1.8051832
-1.8141402
-4.819179
-3.2030897
-1.8861696
-2.11332
-2.2804689
-2.356225
-1.9013338
-2.1738954
-2.4112372
-1.942871
-2.0414638
-1.9256092
-2.178604
-2.3584109
-1.9737947
-2.0625305
-1.9708122
-1.9976695
-2.4146629
-1.9833024
-2.0614331
-1.9877648
-2.0416154
-2.0662353
-2.392126
-2.0460078
-1.9825372
-2.038755
-2.1297249
-2.181342
-2.4374637
-2.4566757
-2.0229218
-2.0840535
-2.1732104
-2.2532662
-2.8454918
-2.4348785
-2.0442745
-2.1266564
-2.2422646
-2.3151879
-3.0226525
-3.0491449
-2.0496873
-2.1523644
-2.2574733
-2.4046404
-3.1520617
-3.2978871
-2.1517786
-2.3010983
-2.4755555
-3.2965741
-3.4633318
-3.6317361
-2.2960223
-2.4355515
-3.4009673
-3.6259143
-3.870132
-4.097746
-2.4155272
-3.4546571
-3.7523499
-4.0519083
-4.4531157
-4.7341481
-2.5116995
-3.6665519
-4.1122004
-4.5665309
-5.1607173
-5.6517015
-2.9881375
-3.8876135
-4.4044492
-5.0524065
-5.8890924
-6.7817297
-3.3595424
-3.7250004
-6.1969758
-7.6588581
-3.6160145
-4.0724585
-4.6791725
-5.4358097
-6.1185095
-3.9396747
-4.5041886
-5.2600584
-6.3302728
-5.9346248
-6.9986571
-4.433201
-5.1683262
-6.1888064
-6.0065156
-7.4197793
-9.0004387
-4.9777201
-6.0164792
-5.9805088
-7.3687877
-9.8119693
-12.330618
-6.0706869
-6.3505686
-8.0619542
-11.283971
-15.997914
-16.673186
-6.2988677
-8.6963222
-12.317356
-22.314262
-27.762138
-8.2574034
-10.619919
-20.859508
-48.189193
-24.629118
-10.45181
-16.876718
-41.736619
-42.326568
-14.317284
-11.130471
-20.232538
-47.36354
-27.492464
-12.52974
-10.788567
-16.279219
-23.98206
-18.411416
-10.933331
-6.7158669
-10.320634
-13.389739
-13.846101
-10.902955
-7.6632574
-3.7505504
-1.4205204
-9.1127366
-9.187842
-8.2195293
-4.2235816
-1.6540451
-1.4281884
-1.1804904
-1.2429056
-6.7076346
-6.8401065
-4.3979485
-3.757089
-1.5702707
-1.3281239
-1.1270467
-1.2337736
-1.2913638
-3.8316411
-1.791022
-1.5715373
-1.3777923
-1.2032217
-1.3376937
-1.0825421
-1.239764
-0.98088971
-0.8275425
-1.5733304
-1.4072415
-1.2375753
-1.0420871
-1.1865517
-0.75377113
-1.1188382
-0.90421372
-0.74807496
-1.1397609
-1.3104353
-1.126414
-1.2776254
-1.0791739
-0.89135839
-0.7640961
-0.84003489
-0.91599857
-1.2633476
-1.0693704
-0.89979229
-0.77360194
-0.6580205
-0.9516591
-1.0819264
-1.5980647
-0.96857528
-0.84267262
-0.74315794
-0.81286479
-0.89279201
-1.0370754
-1.5652688
-1.3549407
-0.73270694
-0.82750106
-0.889775
-1.0358969
-1.5755792
-1.3954102
-1.1506706
-1.1284306
-0.9877968
-0.8739066
-1.031795
-1.56773
-1.3904974
-1.14692
-1.145082
-0.99013949
-0.83095359
-1.159327
-1.5774795
-1.4167245
-1.2503607
-1.0228821
-1.0582065
-0.85943858
-1.0090137
-1.2072483
-1.4856489
-1.3243452
-1.0917793
-1.1025382
-0.98540852
-0.80706649
-0.9432105
-1.5363949
-1.3970987
-1.1684976
-1.0147712
-1.0583449
-0.88106473
-0.78414151
-0.90663218
-6.5732119
-1.3159412
-1.0778567
-1.0926972
-0.99196586
-0.82700574
-0.97611595
-0.87701593
-7.5361036
-1.1424838
-1.0155455
-1.0649718
-0.93855896
-0.78882001
-0.93771314
-0.84527337
-8.6298388
-8.2411172
-1.1357865
-1.0519262
-0.93555343
-0.78758773
-0.94778368
-0.86247512
-9.4047021
-10.673188
-0.86938135
-0.78676945
-0.92198012
-0.8474659
-10.062272
-2.4671133
-2.8261346
-0.83206359
-0.75603069
-0.89560335
-7.5548473
-2.1678645
-2.5487249
-2.9724968
-3.4420622
-0.93405826
-0.86939492
-7.5134803
-2.2399027
-2.6512326
-3.1402067
-3.7175045
-4.2352974
-5.907403
-2.0677546
-2.4476604
-2.9099923
-3.4960617
-4.2026352
-4.9579137
-2.3016016
-2.7698578
-3.3502016
-4.0514246
-4.9760165
-6.2102542
-6.8827064
-2.6679582
-3.2303764
-3.9207078
-4.9633805
-8.012566
-6.9185769
-5.4388679
-3.3998845
-7.3682679
-7.2174482
-6.7209158
-6.1656052
-5.5536602
-4.8006487
-5.8310301
-5.899423
-5.7712716
-5.4944633
-5.1342776
-4.7399771
-4.3138576
-5.0348177
-5.0752269
-4.9423147
-4.7625902
-4.5202257
-4.2515817
-4.100734
-4.5061561
-4.4882899
-4.4304763
-4.3156783
-4.1927783
-16.982483
-5.6193673
-4.0737057
-4.202264
-4.2252175
-4.0887461
-4.13244
-6.3010928
-4.0205166
-6.3453598
-6.2656485
-6.2574972
-6.2104217
-6.1361439
-6.1527784
-6.5907983
-6.7217427
-6.7833316
-6.1539246
-4.1667576
-4.1924425
-4.7428808
-4.707814
-4.6255046
-4.5037177
-4.31274
-4.1362602
-5.3044946
-5.2786171
-5.130016
-4.9016326
-4.5942098
-4.3056573
-4.0975367
1.0002651
-3.3531528
-7.1294292
-6.9994696
-6.5704317
-6.0522458
-5.5312837
-4.8054743
-2.3179009
-2.7690478
-3.2927507
-4.073215
-4.9848826
-6.36445
-6.7778676
-5.4590311
-2.0703755
-2.4442734
-2.9019467
-3.4656072
-4.1721181
-5.1279054
-5.8658601
-0.9448758
-0.87516048
-8.1156899
-2.2550923
-2.6714544
-3.123478
-3.6318377
-0.97209115
-0.82320204
-0.97717072
-0.89634274
-8.288091
-11.095144
-2.6010788
-3.2459607
-1.1141883
-1.1481803
-1.0534808
-0.92245045
-0.79439572
-0.93316314
-0.84269439
-8.9134862
-8.610401
-1.3134346
-1.084732
-1.1046462
-1.0144363
-0.83835361
-0.75353374
-0.89012176
-7.6055317
-1.4815888
-1.3604681
-1.1365095
-0.99275897
-1.0377672
-0.86570156
-0.75104698
-0.90494565
-6.7845708
-1.5944479
-1.4856474
-1.320568
-1.0907646
-1.1106666
-0.99604968
-0.80726713
-0.95078299
-1.0960885
-1.095409
-1.5119372
-1.335536
-1.1116691
-1.1099966
-0.96159564
-0.82244541
-0.8530386
-0.93487628
-1.091483
-1.0626591
-1.4851299
-1.2925161
-1.0569461
-1.0577629
-0.87357386
-0.7779202
-0.65806678
-0.95029203
-1.1036292
-1.1844025
-1.4553097
-1.2050038
-1.372136
-1.1557789
-0.98758078
-0.84225495
-0.7812037
-0.79913746
-0.89223016
-1.1135999
-1.5490478
-1.3851943
-1.2287256
-0.77345697
-1.1728
-0.97867403
-0.82343093
-0.68020385
-0.9799757
-1.1276803
-1.7050025
-1.5378884
-1.3629257
-1.2112167
-1.3350306
-1.1317783
-1.297562
-1.0583068
-0.8582118
-0.69111203
-6.2831538
-6.5875755
-4.5135626
-3.8787609
-1.631274
-1.4059572
-1.2432017
-1.0328048
-1.092441
-1.1568155
-8.8952087
-10.220644
-10.309459
-8.8201998
-6.8744262
-1.6740632
-1.4460312
-1.210997
-1.1977979
-10.494913
-15.238549
-21.269367
-19.550988
-12.007455
-7.6159163
-3.6618868
-9.0728607
-13.604688
-26.789328
-87.263668
-21.410926
-6.4735406
-6.4557238
-8.4588608
-11.47292
-16.833289
-16.532189
-4.7233476
-5.5241038
-6.7435725
-6.5012619
-7.8646679
-9.1723821
-3.4544749
-3.8811799
-4.4577214
-5.1694733
-6.127748
-5.5438617
-4.253614
-4.9085229
-5.6992603
-6.5267569
-3.2097739
-3.6526467
-2.4029655
-3.3805446
-3.6136202
-3.8397791
-4.1172553
-4.3391563
-2.1229934
-2.2685531
-2.3601343
-3.201198
-3.3522412
-3.4919512
-2.4248391
-2.0437853
-2.1091227
-2.2131004
-2.2861095
-2.9497543
-2.9884017
-2.408349
-2.4290733
-2.0945798
-2.0088796
-2.0612725
-2.1053814
-1.9329902
-2.2032128
-2.3527113
-1.9638782
-2.0590406
-1.9360555
-1.9815762
-3.1969866
-1.8725411
-2.130212
-2.2767825
-2.336231
-2.2135861
-4.6913457
-3.3737215
-3.2154048
-1.847445
-2.0831569
-2.1075412
-4.7460719
-5.3741432
-4.669446
-3.34248
-3.1371567
-3.1793049
-3.6589956
-3.4935001
-4.3185834
-4.6140997
-4.8663828
-4.9853845
-2.9197999
-3.5861432
-3.5911659
-3.704233
-3.6051415
-3.452412
-3.1274893
-2.9060684
-2.7128298
-3.3704802
-3.2791298
-3.1046593
-2.9021209
-5.9972193
-6.4059467
-6.350163
-10.024337
-13.771042
-9.6323018
-10.430748
-12.108033
-9.1492927
-1.1428603
-1.1403939
-1.1090262
-0.78093181
-0.78592993
-0.82931723
-0.93103056
-1.3212195
-1.359534
-1.3470592
-1.2783359
-1.2438853
-8.0655836
-7.5998916
-0.84353532
-5.2795683
-4.526132
-3.8841526
-6.2548983
-5.5342214
-4.679014
-4.0456317
-3.4813579
-11.605654
-4.147508
-4.1323904
-4.0936085
-3.9755138
-3.8153859
-6.3304082
-6.1717465
-6.0567011
-6.6044362
-6.2904704
-6.1720406
-6.0598844
-6.0846918
-5.466462
-5.2573784
-5.0698426
-4.2292883
-4.2767096
-4.2078243
-4.1154866
-3.8885427
-5.5992436
-5.8557813
-5.7714336
-7.2995727
-5.7695902
-4.6615692
-4.7942911
-4.5296952
-4.0129237
-3.5789207
-3.1799623
-2.8243054
-2.5767555
-2.4670226
-9.2313563
-6.9620429
-5.5425873
-4.5281738
-0.94822691
-0.98276752
-1.007755
-0.99723466
-0.98270589
-0.96041397
-0.99678253
-1.0220235
-1.2125864
-1.1874824
-1.1733558
-1.5974397
-1.6403517
-1.6367494
-1.6119972
-1.5550709
-0.64320701
-0.64448859
-0.83475533
-1.0488126
-1.0244544
-1.0394622
-1.0497578
-1.0383718
-1.0050608
-0.97683415
-1.2980249
-1.3095102
-1.2990231
-1.2584074
-1.1890721
-2.2898816
-1.5964977
-1.6210567
-1.6029644
-9.6198637
-12.57179
-10.526203
-17.179757
-61.446466
-29.142581
-13.023537
-7.6779069
-9.6492414
-11.238619
-10.647839
-8.8133922
-6.8374059
-7.0009884
-6.0704104
-6.064046
-5.7550047
-5.2183372
-4.5520394
-4.8232265
-5.0720284
-5.0533112
-4.8237269
-4.4815035
-4.0214891
-3.6098724
-3.5048541
-3.398211
-3.1645684
-2.9450097
-5.3698663
-4.8290205
-4.2817449
-3.7535086
-3.4053332
-3.0841655
-2.8489162
-2.689287
-2.0746453
-2.4210775
-2.7513524
-2.4485646
-2.3913646
-2.5550891
-2.4401394
-3.9187937
-2.885335
-3.9400989
-4.8894467
-5.8289144
-19.598183
-16.338952
-11.465722
-8.3504336
-18.420562
-41.556385
-18.095887
-8.0984052
-7.7435777
-1.337715
-1.3279277
-1.3079518
-0.78726382
-0.77393877
-0.7371061
-1.2918088
-1.2259796
-1.196794
-0.80591242
-0.79549809
-0.7748002
-0.72473581
-1.1394499
-1.0792786
-1.0853776
-1.0883481
-1.2898597
-1.701132
-1.1429014
-1.1663963
-1.1608805
-1.1312005
-1.2686988
-0.82997329
-0.84462828
-0.85307766
-0.8065632
-1.1050171
-0.84164664
-0.84155687
-5.4700116
-4.6783654
-4.041508
-2.4709394
-2.4051764
-9.2352548
-7.0935225
-5.6904828
-4.6678199
-2.8851998
-2.8096041
-2.6647412
-8.3494662
-6.3180402
-5.0910599
-4.2415661
-2.8241217
-2.6981933
-2.5512649
-6.8620286
-5.4304707
-4.4798208
-2.3542005
-2.3091808
-8.9164312
-7.0216342
-5.6308473
-4.6785124
-0.90673404
-0.91500338
-0.91645707
-0.91699563
-0.90300985
-3.6069198
-1.060003
-1.0698032
-1.0584591
-1.0498814
-0.98244146
-1.4915348
-1.4972016
-1.4738566
-1.4236238
-1.3334489
-0.79861918
-0.78852128
-0.99382833
-0.98618734
-1.1284725
-1.1023434
-1.0680647
-1.0221242
-0.9940361
-2.3112374
-1.224141
-1.2161908
-1.1784607
-1.1421632
-8.8123167
-8.0297745
-21.075207
-73.919658
-22.003663
-11.467556
-7.586933
-6.8600084
-7.3987676
-7.2832399
-6.6724745
-5.8093708
-4.9617315
-3.9427188
-4.0580603
-4.089618
-4.0168713
-3.8313625
-3.5244885
-3.3160051
-3.7951097
-3.4903621
-3.2224223
-2.9773279
-2.7557583
-2.1199989
-1.8296276
-3.2122337
-3.1387984
-2.971663
1.0002651
